%YAML:1.0
---
calibration_time: "2018年06月14日 星期四 14时54分07秒"
image_width: 640
image_height: 480
board_width: 9
board_height: 6
square_size: 1.
aspectRatio: 1.
flags: 2
camera_matrix: !!opencv-matrix
   rows: 3
   cols: 3
   dt: d
   data: [ 8.6973840171515951e+02, 0., 2.8915288623389625e+02, 0.,
       8.6973840171515951e+02, 1.9372447923709296e+02, 0., 0., 1. ]
distortion_coefficients: !!opencv-matrix
   rows: 5
   cols: 1
   dt: d
   data: [ -5.8269598549505242e-01, 5.7668647194665001e-01,
       2.0006712191916146e-02, 1.3344251004097781e-02,
       -9.2264750088387926e-01 ]
avg_reprojection_error: 4.5038193425582002e-01
