%YAML:1.0
---
images:
   - "2018-07-12-173231.jpg"
   - "2018-07-12-173234.jpg"
   - "2018-07-12-173237.jpg"
   - "2018-07-12-173239.jpg"
   - "2018-07-12-173241.jpg"
   - "2018-07-12-173244.jpg"
   - "2018-07-12-173246.jpg"
   - "2018-07-12-173248.jpg"
   - "2018-07-12-173250.jpg"
   - "2018-07-12-173253.jpg"
   - "2018-07-12-173254.jpg"
   - "2018-07-12-173258.jpg"
